#_Standard
ID			RMSD(A)		RMSD_GROMACS(A)		kcal/mol	Ki(nM)		|	kcal/mol	Ki(nM):Experiment
1trd		2.321		2.217078			-8.41		765.54		|	-7.364		
1vot		3.390		2.632146			-6.84		9610		|	-9.007		
2fzz		0.872		5.269767			-9.63		87.94		|	-14.356		
2jfh		5.361		3.399145			-4.49		507330		|	-4.175		
3ebp		1.095		3.833522			-5.76		60370		|	-8.058		
4eu3		1.498		2.294404			-5.18		158590		|	-1.124		
4wxi		2.057		6.190525			-6.15		30810		|	-11.017		8.4
5diu		1.421		3.521362			-10.84		11.27		|	-10.050		
5i3h		0.764		1.648306			-8.79		361.14		|	-5.349		
5j7q		3.513		3.375695			-8.15		1060		|	-6.242		
5uex		1.053		5.113125			-8.27		863.85		|	-12.038		1.5

#_Better
ID			RMSD(A)		RMSD_GROMACS(A)		kcal/mol	Ki(nM)		|	kcal/mol	Ki(nM):Experiment
1trd		108.032		3.163721			-8.41		684.66		|	-7.364		
1vot		46.010		2.503965			-9.31		149.55		|	-9.007		
2fzz		46.791		5.539275			-14.18		0.0401		|	-14.356		
2jfh		54.658		4.469562			-6.19		29240		|	-4.175		
3ebp		51.303		3.976689			-10.12		38.44		|	-8.058		
4eu3		122.040		4.398125			-4.27		742510		|	-1.124		
4wxi		50.307		6.573538			-10.47		21.21		|	-11.017		8.4
5diu		55.084		3.771791			-11.79		2.28		|	-10.050		
5i3h		79.382		0.209088			-6.93		8320		|	-5.349		
5j7q		81.738		6.980971			-8.75		387.96		|	-6.242		
5uex		33.254		5.342263			-10.75		13.16		|	-12.038		1.5